0 0.085938 0.063542 0.140625 0.110417
0 0.248438 0.060417 0.137500 0.108333
0 0.417969 0.068750 0.151562 0.125000
0 0.581250 0.063542 0.159375 0.118750
0 0.754687 0.057292 0.134375 0.110417
0 0.921094 0.058333 0.139063 0.108333
0 0.082031 0.394792 0.139063 0.110417
0 0.246094 0.402083 0.135937 0.116667
0 0.417969 0.398958 0.135937 0.127083
0 0.582031 0.400000 0.135937 0.120833
0 0.753906 0.393750 0.129688 0.104167
0 0.915625 0.398958 0.146875 0.122917
0 0.085938 0.734375 0.134375 0.118750
0 0.248438 0.729167 0.131250 0.108333
0 0.416406 0.735417 0.142187 0.120833
0 0.583594 0.735417 0.142187 0.108333
0 0.750781 0.738542 0.135937 0.118750
0 0.918750 0.734375 0.134375 0.114583
